0000001382702019010350100000000001125081_201207010000004279010320120701201207012012070120131231100,000000001467,790000000000,00999990000000000,0012179000000001,000020190131
0000002382702019010350300000000001125081_201207010000004279010320120701201207012012070120131231100,000000003065,050000000000,00999990000000000,0012179000000001,000020190131
0000003382702019010350100000000001128008_201401010000004279010320140101201401012014010120141231100,000000001618,650000000000,00999990000000000,0012179000000001,000020190131
0000004382702019010350300000000001128008_201401010000004279010320140101201401012014010120141231100,000000000386,450000000000,00999990000000000,0012179000000001,000020190131
0000005382702019010350100000000001128008_201501010000004279010320150101201501012015010120150630100,000000000986,720000000000,00999990000000000,0012179000000001,000020190131
0000006382702019010350300000000001128008_201501010000004279010320150101201501012015010120150630100,000000001415,340000000000,00999990000000000,0012179000000001,000020190131
0000007382702019010350600000000001128008_201501010000004279010320150101201501012015010120150630100,000000017763,190000000000,00999990000000000,0012179000000001,000020190131
0000008382702019010351400000000001128008_201501010000004279010320150101201501012015010120150630100,000000001810,200000000000,00999990000000000,0012179000000001,000020190131
0000009382702019010350100000000001148373_201401010000004279010120140101201401012014010120141231100,000000001588,080000000317,96999990000000000,0012179000000001,000020190131
0000010382702019010350300000000001148373_201401010000004279010120140101201401012014010120141231100,000000000373,310000000167,72999990000000000,0012179000000001,000020190131
0000011382702019010350100000000001148373_201501010000004279010120150101201501012015010120150630100,000000000952,500000000456,23999990000000000,0012179000000001,000020190131
0000012382702019010350300000000001148373_201501010000004279010120150101201501012015010120150630100,000000001295,440000000194,85999990000000000,0012179000000001,000020190131
0000013382702019010350600000000001148373_201501010000004279010120150101201501012015010120150630100,000000017158,130000000623,26999990000000000,0012179000000001,000020190131
0000014382702019010351400000000001148373_201501010000004279010120150101201501012015010120150630100,000000001812,010000000000,00999990000000000,0012179000000001,000020190131
0000015382702019010400300000000001148373_201501010000004279010120150101201501012015010120150630100,000000000276,88-000000276,88999990000000000,0012179000000001,000020190131
0000016382702019010350700000000001148397_201301010000004279010120130101201301012013010120131231100,000000032841,380000024775,06999990000000000,0012179000000001,000020190131
0000017382702019010350700000000001148397_201401010000004279010120140101201401012014010120141231100,000000042250,720000035273,50999990000000000,0012179000000001,000020190131
0000018382702019010350700000000001148397_201501010000004279010120150101201501012015010120151231100,000000635444,430000730259,31999990000000000,0012179000000001,000020190131
0000019382702019010350700000000001148397_201601010000004279010120160101201601012016010120161231100,000000043990,240000016169,61999990000000000,0012179000000001,000020190131
0000020382702019010350700000000001148397_201701010000004279010120170101201701012017010120171231100,000000077682,910000018466,00999990000000000,0012179000000001,000020190131
0000021382702019010351100000000001148397_201701010000004279010120170101201701012017010120171231100,000000112529,500000050444,63999990000000000,0012179000000001,000020190131
0000022382702019010351100000000001148397_201801010000004279010120171231201801012018010120181231100,000000241585,930000127555,04999990000000000,0012179000000001,000020190131
0000023382702019010400700000000001148397_201801010000004279010120171231201801012018010120181231100,000000103084,400000036975,92999990000000000,0012179000000001,000020190131
0000024382702019010401100000000001148397_201801010000004279010120171231201801012018010120181231100,000000094483,200000039553,56999990000000000,0012179000000001,000020190131
0000025382702019010431100000000001148397_201801010000004279010120171231201801012018010120181231100,00-000401133,43-000188804,71999990000000000,0012179000000001,000020190131
0000026382702019010350100000000001160448_201507010000004279010320150701201507012015070120151231100,000000000552,250000000000,00999990000000000,0012179000000001,000020190131
0000027382702019010350300000000001160448_201507010000004279010320150701201507012015070120151231100,000000000924,600000000000,00999990000000000,0012179000000001,000020190131
0000028382702019010350600000000001160448_201507010000004279010320150701201507012015070120151231100,000000001231,410000000000,00999990000000000,0012179000000001,000020190131
0000029382702019010350900000000001160448_201507010000004279010320150701201507012015070120151231100,00-000038784,100000000000,00999990000000000,0012179000000001,000020190131
0000030382702019010350100000000001160448_201601010000004279010320160101201601012016010120161231100,000000003465,800000000000,00999990000000000,0012179000000001,000020190131
0000031382702019010350300000000001160448_201601010000004279010320160101201601012016010120161231100,000000000309,430000000000,00999990000000000,0012179000000001,000020190131
0000032382702019010350600000000001160448_201601010000004279010320160101201601012016010120161231100,000000010801,380000000000,00999990000000000,0012179000000001,000020190131
0000033382702019010351500000000001160448_201601010000004279010320160101201601012016010120161231100,00-000000493,490000000000,00999990000000000,0012179000000001,000020190131
0000034382702019010350100000000001160448_201701010000004279010320170101201701012017010120171231100,000000052547,300000000000,00999990000000000,0012279000000001,000020190131
0000035382702019010350300000000001160448_201701010000004279010320170101201701012017010120171231100,00-000045484,480000000000,00999990000000000,0012279000000001,000020190131
0000036382702019010350600000000001160448_201701010000004279010320170101201701012017010120171231100,000000013503,340000000000,00999990000000000,0012279000000001,000020190131
0000037382702019010351400000000001160448_201701010000004279010320170101201701012017010120171231100,00-000000648,170000000000,00999990000000000,0012279000000001,000020190131
0000038382702019010351500000000001160448_201701010000004279010320170101201701012017010120171231100,000000101769,150000000000,00999990000000000,0012279000000001,000020190131
0000039382702019010350100000000001160448_201801010000004279010320171231999999992018010120181231100,000000106243,540000000000,00999990000000000,0012279000000001,000020190131
0000040382702019010350200000000001160448_201801010000004279010320171231999999992018010120181231100,00-000000003,410000000000,00999990000000000,0012279000000001,000020190131
0000041382702019010350300000000001160448_201801010000004279010320171231999999992018010120181231100,000000008216,180000000000,00999990000000000,0012279000000001,000020190131
0000042382702019010350600000000001160448_201801010000004279010320171231999999992018010120181231100,000000076735,600000000000,00999990000000000,0012279000000001,000020190131
0000043382702019010351400000000001160448_201801010000004279010320171231999999992018010120181231100,000000022406,780000000000,00999990000000000,0012279000000001,000020190131
0000044382702019010351500000000001160448_201801010000004279010320171231999999992018010120181231100,000000024674,550000000000,00999990000000000,0012279000000001,000020190131
0000045382702019010350100000000001160448_201901010000004279010320190101201901012019010120191231050,000001728153,400000000000,00999990000000000,0012179000000001,000020190131
0000046382702019010350300000000001160448_201901010000004279010320190101201901012019010120191231050,000000062315,400000000000,00999990000000000,0012179000000001,000020190131
0000047382702019010350500000000001160448_201901010000004279010320190101201901012019010120191231050,000000111488,400000000000,00999990000000000,0012179000000001,000020190131
0000048382702019010350600000000001160448_201901010000004279010320190101201901012019010120191231050,000000042658,850000000000,00999990000000000,0012179000000001,000020190131
0000049382702019010351400000000001160448_201901010000004279010320190101201901012019010120191231050,000000004244,200000000000,00999990000000000,0012179000000001,000020190131
0000050382702019010350100000000001160452_201507010000004279010520150701201507012015070120151231100,000000000187,750000000000,00999990000000000,0012179000000001,000020190131
0000051382702019010350300000000001160452_201507010000004279010520150701201507012015070120151231100,000000000314,340000000000,00999990000000000,0012179000000001,000020190131
0000052382702019010350600000000001160452_201507010000004279010520150701201507012015070120151231100,000000000418,650000000000,00999990000000000,0012179000000001,000020190131
0000053382702019010350900000000001160452_201507010000004279010520150701201507012015070120151231100,00-000013185,530000000000,00999990000000000,0012179000000001,000020190131
0000054382702019010350100000000001160452_201601010000004279010520160101201601012016010120161231100,000000001178,280000000000,00999990000000000,0012179000000001,000020190131
0000055382702019010350300000000001160452_201601010000004279010520160101201601012016010120161231100,000000000105,200000000000,00999990000000000,0012179000000001,000020190131
0000056382702019010350600000000001160452_201601010000004279010520160101201601012016010120161231100,000000003672,170000000000,00999990000000000,0012179000000001,000020190131
0000057382702019010351500000000001160452_201601010000004279010520160101201601012016010120161231100,00-000000167,770000000000,00999990000000000,0012179000000001,000020190131
0000058382702019010350100000000001160452_201701010000004279010520170101201701012017010120171231100,000000017864,640000000000,00999990000000000,0012279000000001,000020190131
0000059382702019010350300000000001160452_201701010000004279010520170101201701012017010120171231100,00-000015463,470000000000,00999990000000000,0012279000000001,000020190131
0000060382702019010350600000000001160452_201701010000004279010520170101201701012017010120171231100,000000004590,760000000000,00999990000000000,0012279000000001,000020190131
0000061382702019010351400000000001160452_201701010000004279010520170101201701012017010120171231100,00-000000220,360000000000,00999990000000000,0012279000000001,000020190131
0000062382702019010351500000000001160452_201701010000004279010520170101201701012017010120171231100,000000034598,720000000000,00999990000000000,0012279000000001,000020190131
0000063382702019010350100000000001160452_201801010000004279010520171231999999992018010120181231100,000000061246,280000000000,00999990000000000,0012279000000001,000020190131
0000064382702019010350200000000001160452_201801010000004279010520171231999999992018010120181231100,00-000000001,970000000000,00999990000000000,0012279000000001,000020190131
0000065382702019010350300000000001160452_201801010000004279010520171231999999992018010120181231100,000000004736,390000000000,00999990000000000,0012279000000001,000020190131
0000066382702019010350600000000001160452_201801010000004279010520171231999999992018010120181231100,000000044235,810000000000,00999990000000000,0012279000000001,000020190131
0000067382702019010351400000000001160452_201801010000004279010520171231999999992018010120181231100,000000012916,850000000000,00999990000000000,0012279000000001,000020190131
0000068382702019010351500000000001160452_201801010000004279010520171231999999992018010120181231100,000000014224,150000000000,00999990000000000,0012279000000001,000020190131
0000069382702019010350100000000001160452_201901010000004279010520190101201901012019010120191231050,000000140898,990000000000,00999990000000000,0012179000000001,000020190131
0000070382702019010350300000000001160452_201901010000004279010520190101201901012019010120191231050,000000005080,670000000000,00999990000000000,0012179000000001,000020190131
0000071382702019010350500000000001160452_201901010000004279010520190101201901012019010120191231050,000000009089,820000000000,00999990000000000,0012179000000001,000020190131
0000072382702019010350600000000001160452_201901010000004279010520190101201901012019010120191231050,000000003478,040000000000,00999990000000000,0012179000000001,000020190131
0000073382702019010351400000000001160452_201901010000004279010520190101201901012019010120191231050,000000000346,040000000000,00999990000000000,0012179000000001,000020190131
0000074382702019010350100000000001170899_201601010000004085110320160101201601012016010120161231100,000000013863,190000000000,00999990000000000,0012279000000001,000020190131
0000075382702019010350300000000001170899_201601010000004085110320160101201601012016010120161231100,000000001237,710000000000,00999990000000000,0012279000000001,000020190131
0000076382702019010350600000000001170899_201601010000004085110320160101201601012016010120161231100,000000043205,530000000000,00999990000000000,0012279000000001,000020190131
0000077382702019010351500000000001170899_201601010000004085110320160101201601012016010120161231100,00-000001973,950000000000,00999990000000000,0012279000000001,000020190131
0000078382702019010350100000000001170899_201701010000004085110320170101201701012017010120171231100,000000122610,380000000000,00999990000000000,0012279000000001,000020190131
0000079382702019010350300000000001170899_201701010000004085110320170101201701012017010120171231100,00-000106130,460000000000,00999990000000000,0012279000000001,000020190131
0000080382702019010350600000000001170899_201701010000004085110320170101201701012017010120171231100,000000031507,780000000000,00999990000000000,0012279000000001,000020190131
0000081382702019010350900000000001170899_201701010000004085110320170101201701012017010120171231100,000000994138,090000000000,00999990000000000,0012279000000001,000020190131
0000082382702019010351400000000001170899_201701010000004085110320170101201701012017010120171231100,00-000001512,410000000000,00999990000000000,0012279000000001,000020190131
0000083382702019010351500000000001170899_201701010000004085110320170101201701012017010120171231100,000000237461,350000000000,00999990000000000,0012279000000001,000020190131
0000084382702019010350100000000001170901_201601010000004085110520160101201601012016010120161231100,000000004713,100000000000,00999990000000000,0012279000000001,000020190131
0000085382702019010350300000000001170901_201601010000004085110520160101201601012016010120161231100,000000000420,790000000000,00999990000000000,0012279000000001,000020190131
0000086382702019010350600000000001170901_201601010000004085110520160101201601012016010120161231100,000000014688,690000000000,00999990000000000,0012279000000001,000020190131
0000087382702019010351500000000001170901_201601010000004085110520160101201601012016010120161231100,00-000000671,090000000000,00999990000000000,0012279000000001,000020190131
0000088382702019010350100000000001170901_201701010000004085110520170101201701012017010120171231100,000000041684,160000000000,00999990000000000,0012279000000001,000020190131
0000089382702019010350300000000001170901_201701010000004085110520170101201701012017010120171231100,00-000036081,440000000000,00999990000000000,0012279000000001,000020190131
0000090382702019010350600000000001170901_201701010000004085110520170101201701012017010120171231100,000000010711,780000000000,00999990000000000,0012279000000001,000020190131
0000091382702019010350900000000001170901_201701010000004085110520170101201701012017010120171231100,000000337979,640000000000,00999990000000000,0012279000000001,000020190131
0000092382702019010351400000000001170901_201701010000004085110520170101201701012017010120171231100,00-000000514,180000000000,00999990000000000,0012279000000001,000020190131
0000093382702019010351500000000001170901_201701010000004085110520170101201701012017010120171231100,000000080730,330000000000,00999990000000000,0012279000000001,000020190131
0000094382702019010350100000000001175055_201801010000004279010120171231999999992018010120181231100,000000335673,570000017667,03999990000000000,0012179000000001,000020190131
0000095382702019010400100000000001175055_201801010000004279010120171231999999992018010120181231100,000000619051,940000387536,58999990000000000,0012179000000001,000020190131
0000096382702019010350100000000001202494_201612310000004085110120161231201612312016123120171231100,000000038685,38-000038685,38999990000000000,0012122000000001,000020190131
0000097382702019010350900000000015003660_201201010000004279010320120101201201012012010120121231013,000000006127,300000000000,00999990000000000,0012179000000001,000020190131
0000098382702019010350900000000015003660_201401010000004279010320140101201401012014010120141231100,000000044333,500000000000,00999990000000000,0012179000000001,000020190131
0000099382702019010350900000000015003660_201701010000004279010320170101201701012017010120171231100,000000426059,180000000000,00999990000000000,0012279000000001,000020190131
0000100382702019010350900000000015003660_201801010000004279010320171231999999992018010120181231100,000000344519,830000000000,00999990000000000,0012279000000001,000020190131
0000101382702019010350900000000015004226_201201010000004279010120120101201201012012010120121231100,000000006133,430000000000,00999990000000000,0012179000000001,000020190131
0000102382702019010350900000000015004226_201401010000004279010120140101201401012014010120141231100,000000044377,88-000012255,48999990000000000,0012179000000001,000020190131
0000103382702019010350900000000015005286_201701010000004279010520170101201701012017010120171231100,000000144848,420000000000,00999990000000000,0012279000000001,000020190131
0000104382702019010350900000000015005286_201801010000004279010520171231999999992018010120181231100,000000198605,550000000000,00999990000000000,0012279000000001,000020190131
0000105382702019020350100000000001128008_201401010000004279010320140101201401012014010120141231100,00-000000167,330000000000,00999990000000000,0012179000000001,000020190228
0000106382702019020350300000000001128008_201501010000004279010320150101201501012015010120150630100,00-000000460,040000000000,00999990000000000,0012179000000001,000020190228
0000107382702019020350100000000001148373_201401010000004279010120140101201401012014010120141231100,00-000000150,75-000000016,75999990000000000,0012179000000001,000020190228
0000108382702019020350300000000001148373_201401010000004279010120140101201401012014010120141231100,000000000404,93-000000404,93999990000000000,0012179000000001,000020190228
0000109382702019020350500000000001148373_201401010000004279010120140101201401012014010120141231100,00-000000404,930000000404,93999990000000000,0012179000000001,000020190228
0000110382702019020400300000000001148373_201401010000004279010120140101201401012014010120141231100,00-000000404,930000000404,93999990000000000,0012179000000001,000020190228
0000111382702019020400500000000001148373_201401010000004279010120140101201401012014010120141231100,000000000404,93-000000404,93999990000000000,0012179000000001,000020190228
0000112382702019020350300000000001148373_201501010000004279010120150101201501012015010120150630100,000000000639,07-000001283,19999990000000000,0012179000000001,000020190228
0000113382702019020350500000000001148373_201501010000004279010120150101201501012015010120150630100,00-000001083,470000001083,47999990000000000,0012179000000001,000020190228
0000114382702019020400300000000001148373_201501010000004279010120150101201501012015010120150630100,00-000001083,470000001083,47999990000000000,0012179000000001,000020190228
0000115382702019020400500000000001148373_201501010000004279010120150101201501012015010120150630100,000000001083,47-000001083,47999990000000000,0012179000000001,000020190228
0000116382702019020350700000000001148397_201301010000004279010120130101201301012013010120131231100,000000421690,570000345019,57999990000000000,0012179000000001,000020190228
0000117382702019020350700000000001148397_201401010000004279010120140101201401012014010120141231100,000000320537,830000317413,19999990000000000,0012179000000001,000020190228
0000118382702019020350700000000001148397_201501010000004279010120150101201501012015010120151231100,00-000703542,100000709643,61999990000000000,0012179000000001,000020190228
0000119382702019020400700000000001148397_201801010000004279010120171231201801012018010120181231100,000000093108,490000033397,61999990000000000,0012179000000001,000020190228
0000120382702019020401100000000001148397_201801010000004279010120171231201801012018010120181231100,000000085339,670000035725,79999990000000000,0012179000000001,000020190228
0000121382702019020350600000000001160448_201507010000004279010320150701201507012015070120151231100,00-000000489,450000000000,00999990000000000,0012179000000001,000020190228
0000122382702019020351500000000001160448_201507010000004279010320150701201507012015070120151231100,000000063359,220000000000,00999990000000000,0012179000000001,000020190228
0000123382702019020350100000000001160448_201601010000004279010320160101201601012016010120161231100,000000001226,860000000000,00999990000000000,0012179000000001,000020190228
0000124382702019020350300000000001160448_201601010000004279010320160101201601012016010120161231100,000000000471,400000000000,00999990000000000,0012179000000001,000020190228
0000125382702019020350600000000001160448_201601010000004279010320160101201601012016010120161231100,000000005185,710000000000,00999990000000000,0012179000000001,000020190228
0000126382702019020351500000000001160448_201601010000004279010320160101201601012016010120161231100,000000000029,910000000000,00999990000000000,0012179000000001,000020190228
0000127382702019020350100000000001160448_201701010000004279010320170101201701012017010120171231100,000000046317,060000000000,00999990000000000,0012279000000001,000020190228
0000128382702019020350300000000001160448_201701010000004279010320170101201701012017010120171231100,00-000057113,590000000000,00999990000000000,0012279000000001,000020190228
0000129382702019020350500000000001160448_201701010000004279010320170101201701012017010120171231100,00-000002794,070000000000,00999990000000000,0012279000000001,000020190228
0000130382702019020350600000000001160448_201701010000004279010320170101201701012017010120171231100,00-000000965,940000000000,00999990000000000,0012279000000001,000020190228
0000131382702019020350100000000001160448_201801010000004279010320171231999999992018010120181231100,00-000000806,180000000000,00999990000000000,0012279000000001,000020190228
0000132382702019020350300000000001160448_201801010000004279010320171231999999992018010120181231100,000000006569,570000000000,00999990000000000,0012279000000001,000020190228
0000133382702019020350500000000001160448_201801010000004279010320171231999999992018010120181231100,000000031223,610000000000,00999990000000000,0012279000000001,000020190228
0000134382702019020351400000000001160448_201801010000004279010320171231999999992018010120181231100,000000000102,600000000000,00999990000000000,0012279000000001,000020190228
0000135382702019020350100000000001160448_201901010000004279010320190101201901012019010120191231050,000000088493,760000000000,00999990000000000,0012179000000001,000020190228
0000136382702019020350300000000001160448_201901010000004279010320190101201901012019010120191231050,000000041536,200000000000,00999990000000000,0012179000000001,000020190228
0000137382702019020350600000000001160448_201901010000004279010320190101201901012019010120191231050,000000887999,890000000000,00999990000000000,0012179000000001,000020190228
0000138382702019020350600000000001160452_201507010000004279010520150701201507012015070120151231100,00-000000166,400000000000,00999990000000000,0012179000000001,000020190228
0000139382702019020351500000000001160452_201507010000004279010520150701201507012015070120151231100,000000021540,390000000000,00999990000000000,0012179000000001,000020190228
0000140382702019020350100000000001160452_201601010000004279010520160101201601012016010120161231100,000000000417,100000000000,00999990000000000,0012179000000001,000020190228
0000141382702019020350300000000001160452_201601010000004279010520160101201601012016010120161231100,000000000160,260000000000,00999990000000000,0012179000000001,000020190228
0000142382702019020350600000000001160452_201601010000004279010520160101201601012016010120161231100,000000001763,000000000000,00999990000000000,0012179000000001,000020190228
0000143382702019020351500000000001160452_201601010000004279010520160101201601012016010120161231100,000000000010,170000000000,00999990000000000,0012179000000001,000020190228
0000144382702019020350100000000001160452_201701010000004279010520170101201701012017010120171231100,000000015746,530000000000,00999990000000000,0012279000000001,000020190228
0000145382702019020350300000000001160452_201701010000004279010520170101201701012017010120171231100,00-000019417,050000000000,00999990000000000,0012279000000001,000020190228
0000146382702019020350500000000001160452_201701010000004279010520170101201701012017010120171231100,00-000000949,910000000000,00999990000000000,0012279000000001,000020190228
0000147382702019020350600000000001160452_201701010000004279010520170101201701012017010120171231100,00-000000328,390000000000,00999990000000000,0012279000000001,000020190228
0000148382702019020350100000000001160452_201801010000004279010520171231999999992018010120181231100,00-000000464,740000000000,00999990000000000,0012279000000001,000020190228
0000149382702019020350300000000001160452_201801010000004279010520171231999999992018010120181231100,000000003787,160000000000,00999990000000000,0012279000000001,000020190228
0000150382702019020350500000000001160452_201801010000004279010520171231999999992018010120181231100,000000017999,490000000000,00999990000000000,0012279000000001,000020190228
0000151382702019020351400000000001160452_201801010000004279010520171231999999992018010120181231100,000000000059,150000000000,00999990000000000,0012279000000001,000020190228
0000152382702019020350100000000001160452_201901010000004279010520190101201901012019010120191231050,000000007215,030000000000,00999990000000000,0012179000000001,000020190228
0000153382702019020350300000000001160452_201901010000004279010520190101201901012019010120191231050,000000003386,510000000000,00999990000000000,0012179000000001,000020190228
0000154382702019020350600000000001160452_201901010000004279010520190101201901012019010120191231050,000000072399,990000000000,00999990000000000,0012179000000001,000020190228
0000155382702019020350100000000001170899_201601010000004085110320160101201601012016010120161231100,000000004907,430000000000,00999990000000000,0012279000000001,000020190228
0000156382702019020350300000000001170899_201601010000004085110320160101201601012016010120161231100,000000001885,600000000000,00999990000000000,0012279000000001,000020190228
0000157382702019020350600000000001170899_201601010000004085110320160101201601012016010120161231100,000000020742,840000000000,00999990000000000,0012279000000001,000020190228
0000158382702019020351500000000001170899_201601010000004085110320160101201601012016010120161231100,000000000119,650000000000,00999990000000000,0012279000000001,000020190228
0000159382702019020350100000000001170899_201701010000004085110320170101201701012017010120171231100,000000108073,130000000000,00999990000000000,0012279000000001,000020190228
0000160382702019020350300000000001170899_201701010000004085110320170101201701012017010120171231100,00-000133265,040000000000,00999990000000000,0012279000000001,000020190228
0000161382702019020350500000000001170899_201701010000004085110320170101201701012017010120171231100,00-000006519,490000000000,00999990000000000,0012279000000001,000020190228
0000162382702019020350600000000001170899_201701010000004085110320170101201701012017010120171231100,00-000002253,850000000000,00999990000000000,0012279000000001,000020190228
0000163382702019020350900000000001170899_201701010000004085110320170101201701012017010120171231100,000000127123,990000000000,00999990000000000,0012279000000001,000020190228
0000164382702019020350100000000001170901_201601010000004085110520160101201601012016010120161231100,000000001668,390000000000,00999990000000000,0012279000000001,000020190228
0000165382702019020350300000000001170901_201601010000004085110520160101201601012016010120161231100,000000000641,050000000000,00999990000000000,0012279000000001,000020190228
0000166382702019020350600000000001170901_201601010000004085110520160101201601012016010120161231100,000000007052,000000000000,00999990000000000,0012279000000001,000020190228
0000167382702019020351500000000001170901_201601010000004085110520160101201601012016010120161231100,000000000040,680000000000,00999990000000000,0012279000000001,000020190228
0000168382702019020350100000000001170901_201701010000004085110520170101201701012017010120171231100,000000036741,900000000000,00999990000000000,0012279000000001,000020190228
0000169382702019020350300000000001170901_201701010000004085110520170101201701012017010120171231100,00-000045306,450000000000,00999990000000000,0012279000000001,000020190228
0000170382702019020350500000000001170901_201701010000004085110520170101201701012017010120171231100,00-000002216,450000000000,00999990000000000,0012279000000001,000020190228
0000171382702019020350600000000001170901_201701010000004085110520170101201701012017010120171231100,00-000000766,250000000000,00999990000000000,0012279000000001,000020190228
0000172382702019020350900000000001170901_201701010000004085110520170101201701012017010120171231100,000000043218,660000000000,00999990000000000,0012279000000001,000020190228
0000173382702019020400100000000001175055_201801010000004279010120171231999999992018010120181231100,000000559143,680000350033,04999990000000000,0012179000000001,000020190228
0000174382702019020350900000000015003660_201701010000004279010320170101201701012017010120171231100,000000054481,710000000000,00999990000000000,0012279000000001,000020190228
0000175382702019020350900000000015005286_201701010000004279010520170101201701012017010120171231100,000000018522,280000000000,00999990000000000,0012279000000001,000020190228
0000176382702019030350100000000001125081_201207010000004279010320120701201207012012070120131231100,00-000000069,040000000000,00999990000000000,0012179000000001,000020190331
0000177382702019030350100000000001128008_201401010000004279010320140101201401012014010120141231100,00-000001278,340000000000,00999990000000000,0012179000000001,000020190331
0000178382702019030350100000000001128008_201501010000004279010320150101201501012015010120150630100,00-000003129,990000000000,00999990000000000,0012179000000001,000020190331
0000179382702019030350100000000001148373_201401010000004279010120140101201401012014010120141231100,00-000001279,62-000000197,13999990000000000,0012179000000001,000020190331
0000180382702019030350100000000001148373_201501010000004279010120150101201501012015010120150630100,00-000003133,12-000000394,58999990000000000,0012179000000001,000020190331
0000181382702019030431100000000001148397_201701010000004279010120170101201701012017010120171231100,00-000001219,59-000000304,95999990000000000,0012179000000001,000020190331
0000182382702019030400700000000001148397_201801010000004279010120171231201801012018010120181231100,000000103084,400000036975,92999990000000000,0012179000000001,000020190331
0000183382702019030401100000000001148397_201801010000004279010120171231201801012018010120181231100,000000094483,200000039553,56999990000000000,0012179000000001,000020190331
0000184382702019030400700000000001148397_201901010000004279010120190101201901012019010120191231050,000001961753,420001961753,42999990000000000,0012179000000001,000020190331
0000185382702019030401100000000001148397_201901010000004279010120190101201901012019010120191231050,000003824329,310003128996,71999990000000000,0012179000000001,000020190331
0000186382702019030350100000000001160448_201507010000004279010320150701201507012015070120151231100,00-000002713,040000000000,00999990000000000,0012179000000001,000020190331
0000187382702019030350100000000001160448_201601010000004279010320160101201601012016010120161231100,000000000898,000000000000,00999990000000000,0012179000000001,000020190331
0000188382702019030350300000000001160448_201601010000004279010320160101201601012016010120161231100,000000000094,930000000000,00999990000000000,0012179000000001,000020190331
0000189382702019030351400000000001160448_201601010000004279010320160101201601012016010120161231100,00-000000567,090000000000,00999990000000000,0012179000000001,000020190331
0000190382702019030350100000000001160448_201701010000004279010320170101201701012017010120171231100,000000073943,770000000000,00999990000000000,0012279000000001,000020190331
0000191382702019030350200000000001160448_201701010000004279010320170101201701012017010120171231100,00-000000004,880000000000,00999990000000000,0012279000000001,000020190331
0000192382702019030350300000000001160448_201701010000004279010320170101201701012017010120171231100,00-000000478,830000000000,00999990000000000,0012279000000001,000020190331
0000193382702019030350600000000001160448_201701010000004279010320170101201701012017010120171231100,00-000000028,040000000000,00999990000000000,0012279000000001,000020190331
0000194382702019030351400000000001160448_201701010000004279010320170101201701012017010120171231100,00-000005238,710000000000,00999990000000000,0012279000000001,000020190331
0000195382702019030351500000000001160448_201701010000004279010320170101201701012017010120171231100,000000001761,790000000000,00999990000000000,0012279000000001,000020190331
0000196382702019030350100000000001160448_201801010000004279010320171231999999992018010120181231100,000000001067,150000000000,00999990000000000,0012279000000001,000020190331
0000197382702019030350200000000001160448_201801010000004279010320171231999999992018010120181231100,000000000007,250000000000,00999990000000000,0012279000000001,000020190331
0000198382702019030350600000000001160448_201801010000004279010320171231999999992018010120181231100,00-000000012,110000000000,00999990000000000,0012279000000001,000020190331
0000199382702019030351400000000001160448_201801010000004279010320171231999999992018010120181231100,000000000000,190000000000,00999990000000000,0012279000000001,000020190331
0000200382702019030351500000000001160448_201801010000004279010320171231999999992018010120181231100,000000000004,670000000000,00999990000000000,0012279000000001,000020190331
0000201382702019030350600000000001160448_201901010000004279010320190101201901012019010120191231050,000000323238,690000000000,00999990000000000,0012179000000001,000020190331
0000202382702019030351400000000001160448_201901010000004279010320190101201901012019010120191231050,000000000143,840000000000,00999990000000000,0012179000000001,000020190331
0000203382702019030350100000000001160452_201507010000004279010520150701201507012015070120151231100,00-000000922,360000000000,00999990000000000,0012179000000001,000020190331
0000204382702019030350100000000001160452_201601010000004279010520160101201601012016010120161231100,000000000305,290000000000,00999990000000000,0012179000000001,000020190331
0000205382702019030350300000000001160452_201601010000004279010520160101201601012016010120161231100,000000000032,270000000000,00999990000000000,0012179000000001,000020190331
0000206382702019030351400000000001160452_201601010000004279010520160101201601012016010120161231100,00-000000192,800000000000,00999990000000000,0012179000000001,000020190331
0000207382702019030350100000000001160452_201701010000004279010520170101201701012017010120171231100,000000025138,850000000000,00999990000000000,0012279000000001,000020190331
0000208382702019030350200000000001160452_201701010000004279010520170101201701012017010120171231100,00-000000001,660000000000,00999990000000000,0012279000000001,000020190331
0000209382702019030350300000000001160452_201701010000004279010520170101201701012017010120171231100,00-000000162,790000000000,00999990000000000,0012279000000001,000020190331
0000210382702019030350600000000001160452_201701010000004279010520170101201701012017010120171231100,00-000000009,530000000000,00999990000000000,0012279000000001,000020190331
0000211382702019030351400000000001160452_201701010000004279010520170101201701012017010120171231100,00-000001781,020000000000,00999990000000000,0012279000000001,000020190331
0000212382702019030351500000000001160452_201701010000004279010520170101201701012017010120171231100,000000000598,960000000000,00999990000000000,0012279000000001,000020190331
0000213382702019030350100000000001160452_201801010000004279010520171231999999992018010120181231100,000000000615,180000000000,00999990000000000,0012279000000001,000020190331
0000214382702019030350200000000001160452_201801010000004279010520171231999999992018010120181231100,000000000004,180000000000,00999990000000000,0012279000000001,000020190331
0000215382702019030350600000000001160452_201801010000004279010520171231999999992018010120181231100,00-000000006,980000000000,00999990000000000,0012279000000001,000020190331
0000216382702019030351400000000001160452_201801010000004279010520171231999999992018010120181231100,000000000000,110000000000,00999990000000000,0012279000000001,000020190331
0000217382702019030351500000000001160452_201801010000004279010520171231999999992018010120181231100,000000000002,690000000000,00999990000000000,0012279000000001,000020190331
0000218382702019030350600000000001160452_201901010000004279010520190101201901012019010120191231050,000000026354,150000000000,00999990000000000,0012179000000001,000020190331
0000219382702019030351400000000001160452_201901010000004279010520190101201901012019010120191231050,000000000011,730000000000,00999990000000000,0012179000000001,000020190331
0000220382702019030350100000000001170899_201601010000004085110320160101201601012016010120161231100,000000003591,990000000000,00999990000000000,0012279000000001,000020190331
0000221382702019030350300000000001170899_201601010000004085110320160101201601012016010120161231100,000000000379,710000000000,00999990000000000,0012279000000001,000020190331
0000222382702019030351400000000001170899_201601010000004085110320160101201601012016010120161231100,00-000002268,380000000000,00999990000000000,0012279000000001,000020190331
0000223382702019030350100000000001170899_201701010000004085110320170101201701012017010120171231100,000000172535,470000000000,00999990000000000,0012279000000001,000020190331
0000224382702019030350200000000001170899_201701010000004085110320170101201701012017010120171231100,00-000000011,400000000000,00999990000000000,0012279000000001,000020190331
0000225382702019030350300000000001170899_201701010000004085110320170101201701012017010120171231100,00-000001117,260000000000,00999990000000000,0012279000000001,000020190331
0000226382702019030350600000000001170899_201701010000004085110320170101201701012017010120171231100,00-000000065,420000000000,00999990000000000,0012279000000001,000020190331
0000227382702019030351400000000001170899_201701010000004085110320170101201701012017010120171231100,00-000012223,660000000000,00999990000000000,0012279000000001,000020190331
0000228382702019030351500000000001170899_201701010000004085110320170101201701012017010120171231100,000000004110,850000000000,00999990000000000,0012279000000001,000020190331
0000229382702019030350100000000001170901_201601010000004085110520160101201601012016010120161231100,000000001221,180000000000,00999990000000000,0012279000000001,000020190331
0000230382702019030350300000000001170901_201601010000004085110520160101201601012016010120161231100,000000000129,090000000000,00999990000000000,0012279000000001,000020190331
0000231382702019030351400000000001170901_201601010000004085110520160101201601012016010120161231100,00-000000771,190000000000,00999990000000000,0012279000000001,000020190331
0000232382702019030350100000000001170901_201701010000004085110520170101201701012017010120171231100,000000058657,320000000000,00999990000000000,0012279000000001,000020190331
0000233382702019030350200000000001170901_201701010000004085110520170101201701012017010120171231100,00-000000003,870000000000,00999990000000000,0012279000000001,000020190331
0000234382702019030350300000000001170901_201701010000004085110520170101201701012017010120171231100,00-000000379,840000000000,00999990000000000,0012279000000001,000020190331
0000235382702019030350600000000001170901_201701010000004085110520170101201701012017010120171231100,00-000000022,240000000000,00999990000000000,0012279000000001,000020190331
0000236382702019030351400000000001170901_201701010000004085110520170101201701012017010120171231100,00-000004155,710000000000,00999990000000000,0012279000000001,000020190331
0000237382702019030351500000000001170901_201701010000004085110520170101201701012017010120171231100,000000001397,580000000000,00999990000000000,0012279000000001,000020190331
0000238382702019030351500000000001175055_201701010000004279010120170101201701012017010120171231100,000000630494,080000033183,88999990000000000,0012179000000001,000020190331
0000239382702019030350600000000001175055_201801010000004279010120171231999999992018010120181231100,000000390855,080000020571,32999990000000000,0012179000000001,000020190331
0000240382702019030400100000000001175055_201801010000004279010120171231999999992018010120181231100,000000851437,680000533013,83999990000000000,0012179000000001,000020190331
0000241382702019030400100000000001175055_201901010000004279010120190101201901012019010120191231050,000000714264,660000419488,77999990000000000,0012179000000001,000020190331
0000242382702019030351500000000001200049_201701010000004085110120150101201501012017010120171231100,000001471152,820000077429,10999990000000000,0012179000000001,000020190331
0000243382702019030350900000000015003660_201401010000004279010320140101201401012014010120141231100,000000137169,320000000000,00999990000000000,0012179000000001,000020190331
0000244382702019030350900000000015003660_201501010000004279010320150101201501012015010120150630100,00-000101106,680000000000,00999990000000000,0012179000000001,000020190331
0000245382702019030350900000000015004226_201401010000004279010120140101201401012014010120141231100,000000137306,630000000000,00999990000000000,0012179000000001,000020190331
0000246382702019030400900000000015004226_201401010000004279010120140101201401012014010120141231100,000000029436,360000000000,00999990000000000,0012179000000001,000020190331
0000247382702019030350900000000015004226_201501010000004279010120150101201501012015010120150630100,00-000101207,890000000000,00999990000000000,0012179000000001,000020190331